## TSP

---

**User**

> A saleswoman based in Vienna needs to plan her upcoming tour through Austria, visiting each province capital once. Help find the shortest route. Distances in km:
>
> 1=Vienna, 2=St. Pölten, 3=Eisenstadt, 4=Linz, 5=Graz, 6=Klagenfurt, 7=Salzburg, 8=Innsbruck, 9=Bregenz
>
> |      | 1    | 2    | 3    | 4    | 5    | 6    | 7    | 8    | 9    |
> | ---- | ---- | ---- | ---- | ---- | ---- | ---- | ---- | ---- | ---- |
> | 1    | 0    | 65   | 60   | 184  | 195  | 319  | 299  | 478  | 631  |
> | 2    | 65   | 0    | 125  | 119  | 130  | 254  | 234  | 413  | 566  |
> | 3    | 60   | 125  | 0    | 184  | 157  | 281  | 261  | 440  | 593  |
> | 4    | 184  | 119  | 184  | 0    | 208  | 252  | 136  | 315  | 468  |
> | 5    | 195  | 130  | 157  | 208  | 0    | 136  | 280  | 459  | 629  |
> | 6    | 319  | 254  | 281  | 252  | 136  | 0    | 217  | 391  | 566  |
> | 7    | 299  | 234  | 261  | 136  | 280  | 217  | 0    | 188  | 343  |
> | 8    | 478  | 413  | 440  | 315  | 459  | 391  | 188  | 0    | 157  |
> | 9    | 631  | 566  | 593  | 468  | 629  | 566  | 343  | 157  | 0    |

**LLM**

> MiniZinc model for the TSP:

**MCP Solver:** **`submit_model`**

> ```minizinc
> include "globals.mzn";
> 
> int: n = 9;
> array[1..n,1..n] of int: distances = [| 
> 0,  65,  60, 184, 195, 319, 299, 478, 631 |
> 65,   0, 125, 119, 130, 254, 234, 413, 566 | 
> 60, 125,   0, 184, 157, 281, 261, 440, 593 |
> 184, 119, 184,   0, 208, 252, 136, 315, 468 |  
> 195, 130, 157, 208,   0, 136, 280, 459, 629 |
> 319, 254, 281, 252, 136,   0, 217, 391, 566 |
> 299, 234, 261, 136, 280, 217,   0, 188, 343 |  
> 478, 413, 440, 315, 459, 391, 188,   0, 157 |
> 631, 566, 593, 468, 629, 566, 343, 157,   0 |];
> 
> array[1..n] of var 1..n: tour; 
> var int: total_distance;
> 
> constraint circuit(tour);
> constraint total_distance = sum(i in 1..n)(distances[tour[i], tour[i mod n + 1]]);
> 
> solve minimize total_distance;
> ```

`Success: Model validated, and parameters initialized dynamically.`  

**MCP Solver:** **`solve_model`**

> ```json
> {'status': 'SUCCESS', 
> 'solution': Solution(objective=1564, 
>                    tour=[9, 7, 4, 2, 1, 3, 5, 6, 8], 
>                    total_distance=1564),
> 'solve_time': 1.006}
> ```

**LLM**

> Optimal 1,564 km route: 
> Bregenz → Salzburg → Linz → St. Pölten → Vienna → Eisenstadt → Graz → Klagenfurt → Innsbruck

---

MCP server version 0.2.2
Claude 3.5 Sonnet